(kicad_pcb (version 20171130) (host pcbnew "(5.0.2)-1")

  (general
    (thickness 1.6)
    (drawings 1)
    (tracks 151)
    (zones 0)
    (modules 20)
    (nets 53)
  )

  (page A4)
  (layers
    (0 F.Cu signal)
    (31 B.Cu signal)
    (32 B.Adhes user)
    (33 F.Adhes user)
    (34 B.Paste user)
    (35 F.Paste user)
    (36 B.SilkS user)
    (37 F.SilkS user)
    (38 B.Mask user)
    (39 F.Mask user)
    (40 Dwgs.User user hide)
    (41 Cmts.User user hide)
    (42 Eco1.User user hide)
    (43 Eco2.User user hide)
    (44 Edge.Cuts user)
    (45 Margin user hide)
    (46 B.CrtYd user hide)
    (47 F.CrtYd user hide)
    (48 B.Fab user hide)
    (49 F.Fab user)
  )

  (setup
    (last_trace_width 0.254)
    (trace_clearance 0.1524)
    (zone_clearance 0.0254)
    (zone_45_only no)
    (trace_min 0.1524)
    (segment_width 0.2)
    (edge_width 0.15)
    (via_size 0.6096)
    (via_drill 0.3048)
    (via_min_size 0.6096)
    (via_min_drill 0.3048)
    (uvia_size 0.3)
    (uvia_drill 0.1)
    (uvias_allowed no)
    (uvia_min_size 0.2)
    (uvia_min_drill 0.1)
    (pcb_text_width 0.3)
    (pcb_text_size 1.5 1.5)
    (mod_edge_width 0.15)
    (mod_text_size 1 1)
    (mod_text_width 0.15)
    (pad_size 1.7 1.7)
    (pad_drill 1)
    (pad_to_mask_clearance 0.07)
    (solder_mask_min_width 0.25)
    (aux_axis_origin 0 0)
    (visible_elements 7FFFEFFF)
    (pcbplotparams
      (layerselection 0x210fc_80000001)
      (usegerberextensions true)
      (usegerberattributes false)
      (usegerberadvancedattributes false)
      (creategerberjobfile false)
      (excludeedgelayer true)
      (linewidth 0.100000)
      (plotframeref false)
      (viasonmask false)
      (mode 1)
      (useauxorigin false)
      (hpglpennumber 1)
      (hpglpenspeed 20)
      (hpglpendiameter 15.000000)
      (psnegative false)
      (psa4output false)
      (plotreference true)
      (plotvalue true)
      (plotinvisibletext false)
      (padsonsilk false)
      (subtractmaskfromsilk false)
      (outputformat 1)
      (mirror false)
      (drillshape 0)
      (scaleselection 1)
      (outputdirectory "gerbers2/"))
  )

  (net 0 "")
  (net 1 GND)
  (net 2 +3V3)
  (net 3 TCK)
  (net 4 TMS)
  (net 5 TDI)
  (net 6 TDO)
  (net 7 PB4C/CS)
  (net 8 PL9B)
  (net 9 PL9A)
  (net 10 PB9B)
  (net 11 PB9A)
  (net 12 PB6D/MISO)
  (net 13 PB6C/SCLK)
  (net 14 PB11A)
  (net 15 PB11B)
  (net 16 PB20C/SN)
  (net 17 PB20D/MOSI)
  (net 18 PR5D)
  (net 19 PR5C)
  (net 20 PT17D/DONE)
  (net 21 PT15D/PROGRAMN)
  (net 22 PT15C/JTAGENB)
  (net 23 PT12D/SDA)
  (net 24 PT12C/SCL)
  (net 25 EXT3v3)
  (net 26 "Net-(U2-Pad1)")
  (net 27 "Net-(U2-Pad2)")
  (net 28 "Net-(U2-Pad3)")
  (net 29 "Net-(U3-Pad1)")
  (net 30 "Net-(U3-Pad2)")
  (net 31 "Net-(U3-Pad3)")
  (net 32 "Net-(U3-Pad4)")
  (net 33 "Net-(U3-Pad5)")
  (net 34 "Net-(U3-Pad6)")
  (net 35 "Net-(U3-Pad7)")
  (net 36 "Net-(U3-Pad8)")
  (net 37 "Net-(U3-Pad9)")
  (net 38 "Net-(U3-Pad10)")
  (net 39 "Net-(U3-Pad11)")
  (net 40 "Net-(U3-Pad12)")
  (net 41 "Net-(U3-Pad13)")
  (net 42 "Net-(U3-Pad14)")
  (net 43 "Net-(U3-Pad15)")
  (net 44 "Net-(U3-Pad16)")
  (net 45 "Net-(U3-Pad17)")
  (net 46 "Net-(U3-Pad18)")
  (net 47 "Net-(U3-Pad19)")
  (net 48 "Net-(U3-Pad20)")
  (net 49 "Net-(X1-Pad1)")
  (net 50 "Net-(X1-Pad2)")
  (net 51 "Net-(X1-Pad3)")
  (net 52 "Net-(X1-Pad4)")

  (net_class Default "This is the default net class."
    (clearance 0.1524)
    (trace_width 0.254)
    (via_dia 0.6096)
    (via_drill 0.3048)
    (uvia_dia 0.3)
    (uvia_drill 0.1)
    (add_net +3V3)
    (add_net "Net-(U2-Pad1)")
    (add_net "Net-(U2-Pad2)")
    (add_net "Net-(U2-Pad3)")
    (add_net "Net-(U3-Pad1)")
    (add_net "Net-(U3-Pad10)")
    (add_net "Net-(U3-Pad11)")
    (add_net "Net-(U3-Pad12)")
    (add_net "Net-(U3-Pad13)")
    (add_net "Net-(U3-Pad14)")
    (add_net "Net-(U3-Pad15)")
    (add_net "Net-(U3-Pad16)")
    (add_net "Net-(U3-Pad17)")
    (add_net "Net-(U3-Pad18)")
    (add_net "Net-(U3-Pad19)")
    (add_net "Net-(U3-Pad2)")
    (add_net "Net-(U3-Pad20)")
    (add_net "Net-(U3-Pad3)")
    (add_net "Net-(U3-Pad4)")
    (add_net "Net-(U3-Pad5)")
    (add_net "Net-(U3-Pad6)")
    (add_net "Net-(U3-Pad7)")
    (add_net "Net-(U3-Pad8)")
    (add_net "Net-(U3-Pad9)")
    (add_net "Net-(X1-Pad1)")
    (add_net "Net-(X1-Pad2)")
    (add_net "Net-(X1-Pad3)")
    (add_net "Net-(X1-Pad4)")
    (add_net PB11A)
    (add_net PB11B)
    (add_net PB20C/SN)
    (add_net PB20D/MOSI)
    (add_net PB4C/CS)
    (add_net PB6C/SCLK)
    (add_net PB6D/MISO)
    (add_net PB9A)
    (add_net PB9B)
    (add_net PL9A)
    (add_net PL9B)
    (add_net PR5C)
    (add_net PR5D)
    (add_net PT12C/SCL)
    (add_net PT12D/SDA)
    (add_net PT15C/JTAGENB)
    (add_net PT15D/PROGRAMN)
    (add_net PT17D/DONE)
    (add_net TCK)
    (add_net TDI)
    (add_net TDO)
    (add_net TMS)
  )

  (net_class Power ""
    (clearance 0.1524)
    (trace_width 0.508)
    (via_dia 0.6096)
    (via_drill 0.3048)
    (uvia_dia 0.3)
    (uvia_drill 0.1)
    (add_net EXT3v3)
    (add_net GND)
  )

  (module Connector_PinHeader_2.54mm:PinHeader_1x05_P2.54mm_Vertical (layer F.Cu) (tedit 5E2DBFAB) (tstamp 5E3A8C4C)
    (at 84.34 147.2 90)
    (descr "Through hole straight pin header, 1x05, 2.54mm pitch, single row")
    (tags "Through hole pin header THT 1x05 2.54mm single row")
    (path /5E2E3CBF)
    (fp_text reference J1 (at 0 -2.33 90) (layer F.SilkS)
      (effects (font (size 1 1) (thickness 0.15)))
    )
    (fp_text value Programming (at 0 12.49 90) (layer F.Fab)
      (effects (font (size 1 1) (thickness 0.15)))
    )
    (fp_line (start -0.635 -1.27) (end 1.27 -1.27) (layer F.Fab) (width 0.1))
    (fp_line (start 1.27 -1.27) (end 1.27 11.43) (layer F.Fab) (width 0.1))
    (fp_line (start 1.27 11.43) (end -1.27 11.43) (layer F.Fab) (width 0.1))
    (fp_line (start -1.27 11.43) (end -1.27 -0.635) (layer F.Fab) (width 0.1))
    (fp_line (start -1.27 -0.635) (end -0.635 -1.27) (layer F.Fab) (width 0.1))
    (fp_line (start -1.33 11.49) (end 1.33 11.49) (layer F.SilkS) (width 0.12))
    (fp_line (start -1.33 1.27) (end -1.33 11.49) (layer F.SilkS) (width 0.12))
    (fp_line (start 1.33 1.27) (end 1.33 11.49) (layer F.SilkS) (width 0.12))
    (fp_line (start -1.33 1.27) (end 1.33 1.27) (layer F.SilkS) (width 0.12))
    (fp_line (start -1.33 0) (end -1.33 -1.33) (layer F.SilkS) (width 0.12))
    (fp_line (start -1.33 -1.33) (end 0 -1.33) (layer F.SilkS) (width 0.12))
    (fp_line (start -1.8 -1.8) (end -1.8 11.95) (layer F.CrtYd) (width 0.05))
    (fp_line (start -1.8 11.95) (end 1.8 11.95) (layer F.CrtYd) (width 0.05))
    (fp_line (start 1.8 11.95) (end 1.8 -1.8) (layer F.CrtYd) (width 0.05))
    (fp_line (start 1.8 -1.8) (end -1.8 -1.8) (layer F.CrtYd) (width 0.05))
    (fp_text user %R (at 0 5.08 180) (layer F.Fab)
      (effects (font (size 1 1) (thickness 0.15)))
    )
    (pad 1 thru_hole rect (at 0 0 90) (size 1.7 1.7) (drill 1) (layers *.Cu *.Mask)
      (net 4 TMS))
    (pad 2 thru_hole oval (at 0 2.54 90) (size 1.7 1.7) (drill 1) (layers *.Cu *.Mask)
      (net 3 TCK))
    (pad 3 thru_hole oval (at 0 5.08 90) (size 1.7 1.7) (drill 1) (layers *.Cu *.Mask)
      (net 5 TDI))
    (pad 4 thru_hole oval (at 0 7.62 90) (size 1.7 1.7) (drill 1) (layers *.Cu *.Mask)
      (net 1 GND))
    (pad 5 thru_hole oval (at 0 10.16 90) (size 1.7 1.7) (drill 1) (layers *.Cu *.Mask)
      (net 6 TDO))
    (model ${KISYS3DMOD}/Connector_PinHeader_2.54mm.3dshapes/PinHeader_1x05_P2.54mm_Vertical.wrl
      (at (xyz 0 0 0))
      (scale (xyz 1 1 1))
      (rotate (xyz 0 0 0))
    )
  )

  (module Capacitor_SMD:C_0603_1608Metric (layer F.Cu) (tedit 5B301BBE) (tstamp 5E3A8D04)
    (at 88.9 121.285 180)
    (descr "Capacitor SMD 0603 (1608 Metric), square (rectangular) end terminal, IPC_7351 nominal, (Body size source: http://www.tortai-tech.com/upload/download/2011102023233369053.pdf), generated with kicad-footprint-generator")
    (tags capacitor)
    (path /5904D77E)
    (attr smd)
    (fp_text reference C2 (at 0 -1.43 180) (layer F.SilkS)
      (effects (font (size 1 1) (thickness 0.15)))
    )
    (fp_text value 1uF (at 0 1.43 180) (layer F.Fab)
      (effects (font (size 1 1) (thickness 0.15)))
    )
    (fp_line (start -0.8 0.4) (end -0.8 -0.4) (layer F.Fab) (width 0.1))
    (fp_line (start -0.8 -0.4) (end 0.8 -0.4) (layer F.Fab) (width 0.1))
    (fp_line (start 0.8 -0.4) (end 0.8 0.4) (layer F.Fab) (width 0.1))
    (fp_line (start 0.8 0.4) (end -0.8 0.4) (layer F.Fab) (width 0.1))
    (fp_line (start -0.162779 -0.51) (end 0.162779 -0.51) (layer F.SilkS) (width 0.12))
    (fp_line (start -0.162779 0.51) (end 0.162779 0.51) (layer F.SilkS) (width 0.12))
    (fp_line (start -1.48 0.73) (end -1.48 -0.73) (layer F.CrtYd) (width 0.05))
    (fp_line (start -1.48 -0.73) (end 1.48 -0.73) (layer F.CrtYd) (width 0.05))
    (fp_line (start 1.48 -0.73) (end 1.48 0.73) (layer F.CrtYd) (width 0.05))
    (fp_line (start 1.48 0.73) (end -1.48 0.73) (layer F.CrtYd) (width 0.05))
    (fp_text user %R (at 0 0 180) (layer F.Fab)
      (effects (font (size 0.4 0.4) (thickness 0.06)))
    )
    (pad 1 smd roundrect (at -0.7875 0 180) (size 0.875 0.95) (layers F.Cu F.Paste F.Mask) (roundrect_rratio 0.25)
      (net 25 EXT3v3))
    (pad 2 smd roundrect (at 0.7875 0 180) (size 0.875 0.95) (layers F.Cu F.Paste F.Mask) (roundrect_rratio 0.25)
      (net 1 GND))
    (model ${KISYS3DMOD}/Capacitor_SMD.3dshapes/C_0603_1608Metric.wrl
      (at (xyz 0 0 0))
      (scale (xyz 1 1 1))
      (rotate (xyz 0 0 0))
    )
  )

  (module Capacitor_SMD:C_0603_1608Metric (layer F.Cu) (tedit 5B301BBE) (tstamp 5E3A8CF4)
    (at 88.9 122.7455 180)
    (descr "Capacitor SMD 0603 (1608 Metric), square (rectangular) end terminal, IPC_7351 nominal, (Body size source: http://www.tortai-tech.com/upload/download/2011102023233369053.pdf), generated with kicad-footprint-generator")
    (tags capacitor)
    (path /5904D6BF)
    (attr smd)
    (fp_text reference C3 (at 0 -1.43 180) (layer F.SilkS)
      (effects (font (size 1 1) (thickness 0.15)))
    )
    (fp_text value 100nF (at 0 1.43 180) (layer F.Fab)
      (effects (font (size 1 1) (thickness 0.15)))
    )
    (fp_text user %R (at 0 0 180) (layer F.Fab)
      (effects (font (size 0.4 0.4) (thickness 0.06)))
    )
    (fp_line (start 1.48 0.73) (end -1.48 0.73) (layer F.CrtYd) (width 0.05))
    (fp_line (start 1.48 -0.73) (end 1.48 0.73) (layer F.CrtYd) (width 0.05))
    (fp_line (start -1.48 -0.73) (end 1.48 -0.73) (layer F.CrtYd) (width 0.05))
    (fp_line (start -1.48 0.73) (end -1.48 -0.73) (layer F.CrtYd) (width 0.05))
    (fp_line (start -0.162779 0.51) (end 0.162779 0.51) (layer F.SilkS) (width 0.12))
    (fp_line (start -0.162779 -0.51) (end 0.162779 -0.51) (layer F.SilkS) (width 0.12))
    (fp_line (start 0.8 0.4) (end -0.8 0.4) (layer F.Fab) (width 0.1))
    (fp_line (start 0.8 -0.4) (end 0.8 0.4) (layer F.Fab) (width 0.1))
    (fp_line (start -0.8 -0.4) (end 0.8 -0.4) (layer F.Fab) (width 0.1))
    (fp_line (start -0.8 0.4) (end -0.8 -0.4) (layer F.Fab) (width 0.1))
    (pad 2 smd roundrect (at 0.7875 0 180) (size 0.875 0.95) (layers F.Cu F.Paste F.Mask) (roundrect_rratio 0.25)
      (net 1 GND))
    (pad 1 smd roundrect (at -0.7875 0 180) (size 0.875 0.95) (layers F.Cu F.Paste F.Mask) (roundrect_rratio 0.25)
      (net 25 EXT3v3))
    (model ${KISYS3DMOD}/Capacitor_SMD.3dshapes/C_0603_1608Metric.wrl
      (at (xyz 0 0 0))
      (scale (xyz 1 1 1))
      (rotate (xyz 0 0 0))
    )
  )

  (module Capacitor_SMD:C_0603_1608Metric (layer F.Cu) (tedit 5B301BBE) (tstamp 5E3A8CE4)
    (at 83.693 130.8735 90)
    (descr "Capacitor SMD 0603 (1608 Metric), square (rectangular) end terminal, IPC_7351 nominal, (Body size source: http://www.tortai-tech.com/upload/download/2011102023233369053.pdf), generated with kicad-footprint-generator")
    (tags capacitor)
    (path /59004C50)
    (attr smd)
    (fp_text reference C4 (at 0 -1.43 90) (layer F.SilkS)
      (effects (font (size 1 1) (thickness 0.15)))
    )
    (fp_text value 100nF (at 0 1.43 90) (layer F.Fab)
      (effects (font (size 1 1) (thickness 0.15)))
    )
    (fp_line (start -0.8 0.4) (end -0.8 -0.4) (layer F.Fab) (width 0.1))
    (fp_line (start -0.8 -0.4) (end 0.8 -0.4) (layer F.Fab) (width 0.1))
    (fp_line (start 0.8 -0.4) (end 0.8 0.4) (layer F.Fab) (width 0.1))
    (fp_line (start 0.8 0.4) (end -0.8 0.4) (layer F.Fab) (width 0.1))
    (fp_line (start -0.162779 -0.51) (end 0.162779 -0.51) (layer F.SilkS) (width 0.12))
    (fp_line (start -0.162779 0.51) (end 0.162779 0.51) (layer F.SilkS) (width 0.12))
    (fp_line (start -1.48 0.73) (end -1.48 -0.73) (layer F.CrtYd) (width 0.05))
    (fp_line (start -1.48 -0.73) (end 1.48 -0.73) (layer F.CrtYd) (width 0.05))
    (fp_line (start 1.48 -0.73) (end 1.48 0.73) (layer F.CrtYd) (width 0.05))
    (fp_line (start 1.48 0.73) (end -1.48 0.73) (layer F.CrtYd) (width 0.05))
    (fp_text user %R (at 0 0 90) (layer F.Fab)
      (effects (font (size 0.4 0.4) (thickness 0.06)))
    )
    (pad 1 smd roundrect (at -0.7875 0 90) (size 0.875 0.95) (layers F.Cu F.Paste F.Mask) (roundrect_rratio 0.25)
      (net 2 +3V3))
    (pad 2 smd roundrect (at 0.7875 0 90) (size 0.875 0.95) (layers F.Cu F.Paste F.Mask) (roundrect_rratio 0.25)
      (net 1 GND))
    (model ${KISYS3DMOD}/Capacitor_SMD.3dshapes/C_0603_1608Metric.wrl
      (at (xyz 0 0 0))
      (scale (xyz 1 1 1))
      (rotate (xyz 0 0 0))
    )
  )

  (module Capacitor_SMD:C_0603_1608Metric (layer F.Cu) (tedit 5B301BBE) (tstamp 5E3A8CD4)
    (at 85.09 130.8735 90)
    (descr "Capacitor SMD 0603 (1608 Metric), square (rectangular) end terminal, IPC_7351 nominal, (Body size source: http://www.tortai-tech.com/upload/download/2011102023233369053.pdf), generated with kicad-footprint-generator")
    (tags capacitor)
    (path /59004DD1)
    (attr smd)
    (fp_text reference C5 (at 0 -1.43 90) (layer F.SilkS)
      (effects (font (size 1 1) (thickness 0.15)))
    )
    (fp_text value 10nF (at 0 1.43 90) (layer F.Fab)
      (effects (font (size 1 1) (thickness 0.15)))
    )
    (fp_text user %R (at 0 0 90) (layer F.Fab)
      (effects (font (size 0.4 0.4) (thickness 0.06)))
    )
    (fp_line (start 1.48 0.73) (end -1.48 0.73) (layer F.CrtYd) (width 0.05))
    (fp_line (start 1.48 -0.73) (end 1.48 0.73) (layer F.CrtYd) (width 0.05))
    (fp_line (start -1.48 -0.73) (end 1.48 -0.73) (layer F.CrtYd) (width 0.05))
    (fp_line (start -1.48 0.73) (end -1.48 -0.73) (layer F.CrtYd) (width 0.05))
    (fp_line (start -0.162779 0.51) (end 0.162779 0.51) (layer F.SilkS) (width 0.12))
    (fp_line (start -0.162779 -0.51) (end 0.162779 -0.51) (layer F.SilkS) (width 0.12))
    (fp_line (start 0.8 0.4) (end -0.8 0.4) (layer F.Fab) (width 0.1))
    (fp_line (start 0.8 -0.4) (end 0.8 0.4) (layer F.Fab) (width 0.1))
    (fp_line (start -0.8 -0.4) (end 0.8 -0.4) (layer F.Fab) (width 0.1))
    (fp_line (start -0.8 0.4) (end -0.8 -0.4) (layer F.Fab) (width 0.1))
    (pad 2 smd roundrect (at 0.7875 0 90) (size 0.875 0.95) (layers F.Cu F.Paste F.Mask) (roundrect_rratio 0.25)
      (net 1 GND))
    (pad 1 smd roundrect (at -0.7875 0 90) (size 0.875 0.95) (layers F.Cu F.Paste F.Mask) (roundrect_rratio 0.25)
      (net 2 +3V3))
    (model ${KISYS3DMOD}/Capacitor_SMD.3dshapes/C_0603_1608Metric.wrl
      (at (xyz 0 0 0))
      (scale (xyz 1 1 1))
      (rotate (xyz 0 0 0))
    )
  )

  (module Capacitor_SMD:C_0603_1608Metric (layer F.Cu) (tedit 5B301BBE) (tstamp 5E3A8CC4)
    (at 91.8845 137.2235)
    (descr "Capacitor SMD 0603 (1608 Metric), square (rectangular) end terminal, IPC_7351 nominal, (Body size source: http://www.tortai-tech.com/upload/download/2011102023233369053.pdf), generated with kicad-footprint-generator")
    (tags capacitor)
    (path /59004FF1)
    (attr smd)
    (fp_text reference C6 (at 0 -1.43) (layer F.SilkS)
      (effects (font (size 1 1) (thickness 0.15)))
    )
    (fp_text value 100nF (at 0 1.43) (layer F.Fab)
      (effects (font (size 1 1) (thickness 0.15)))
    )
    (fp_line (start -0.8 0.4) (end -0.8 -0.4) (layer F.Fab) (width 0.1))
    (fp_line (start -0.8 -0.4) (end 0.8 -0.4) (layer F.Fab) (width 0.1))
    (fp_line (start 0.8 -0.4) (end 0.8 0.4) (layer F.Fab) (width 0.1))
    (fp_line (start 0.8 0.4) (end -0.8 0.4) (layer F.Fab) (width 0.1))
    (fp_line (start -0.162779 -0.51) (end 0.162779 -0.51) (layer F.SilkS) (width 0.12))
    (fp_line (start -0.162779 0.51) (end 0.162779 0.51) (layer F.SilkS) (width 0.12))
    (fp_line (start -1.48 0.73) (end -1.48 -0.73) (layer F.CrtYd) (width 0.05))
    (fp_line (start -1.48 -0.73) (end 1.48 -0.73) (layer F.CrtYd) (width 0.05))
    (fp_line (start 1.48 -0.73) (end 1.48 0.73) (layer F.CrtYd) (width 0.05))
    (fp_line (start 1.48 0.73) (end -1.48 0.73) (layer F.CrtYd) (width 0.05))
    (fp_text user %R (at 0 0) (layer F.Fab)
      (effects (font (size 0.4 0.4) (thickness 0.06)))
    )
    (pad 1 smd roundrect (at -0.7875 0) (size 0.875 0.95) (layers F.Cu F.Paste F.Mask) (roundrect_rratio 0.25)
      (net 2 +3V3))
    (pad 2 smd roundrect (at 0.7875 0) (size 0.875 0.95) (layers F.Cu F.Paste F.Mask) (roundrect_rratio 0.25)
      (net 1 GND))
    (model ${KISYS3DMOD}/Capacitor_SMD.3dshapes/C_0603_1608Metric.wrl
      (at (xyz 0 0 0))
      (scale (xyz 1 1 1))
      (rotate (xyz 0 0 0))
    )
  )

  (module Capacitor_SMD:C_0603_1608Metric (layer F.Cu) (tedit 5B301BBE) (tstamp 5E3A8CB4)
    (at 85.09 135.636 270)
    (descr "Capacitor SMD 0603 (1608 Metric), square (rectangular) end terminal, IPC_7351 nominal, (Body size source: http://www.tortai-tech.com/upload/download/2011102023233369053.pdf), generated with kicad-footprint-generator")
    (tags capacitor)
    (path /59017C5A)
    (attr smd)
    (fp_text reference C7 (at 0 -1.43 270) (layer F.SilkS)
      (effects (font (size 1 1) (thickness 0.15)))
    )
    (fp_text value 10nF (at 0 1.43 270) (layer F.Fab)
      (effects (font (size 1 1) (thickness 0.15)))
    )
    (fp_text user %R (at 0 0 270) (layer F.Fab)
      (effects (font (size 0.4 0.4) (thickness 0.06)))
    )
    (fp_line (start 1.48 0.73) (end -1.48 0.73) (layer F.CrtYd) (width 0.05))
    (fp_line (start 1.48 -0.73) (end 1.48 0.73) (layer F.CrtYd) (width 0.05))
    (fp_line (start -1.48 -0.73) (end 1.48 -0.73) (layer F.CrtYd) (width 0.05))
    (fp_line (start -1.48 0.73) (end -1.48 -0.73) (layer F.CrtYd) (width 0.05))
    (fp_line (start -0.162779 0.51) (end 0.162779 0.51) (layer F.SilkS) (width 0.12))
    (fp_line (start -0.162779 -0.51) (end 0.162779 -0.51) (layer F.SilkS) (width 0.12))
    (fp_line (start 0.8 0.4) (end -0.8 0.4) (layer F.Fab) (width 0.1))
    (fp_line (start 0.8 -0.4) (end 0.8 0.4) (layer F.Fab) (width 0.1))
    (fp_line (start -0.8 -0.4) (end 0.8 -0.4) (layer F.Fab) (width 0.1))
    (fp_line (start -0.8 0.4) (end -0.8 -0.4) (layer F.Fab) (width 0.1))
    (pad 2 smd roundrect (at 0.7875 0 270) (size 0.875 0.95) (layers F.Cu F.Paste F.Mask) (roundrect_rratio 0.25)
      (net 1 GND))
    (pad 1 smd roundrect (at -0.7875 0 270) (size 0.875 0.95) (layers F.Cu F.Paste F.Mask) (roundrect_rratio 0.25)
      (net 2 +3V3))
    (model ${KISYS3DMOD}/Capacitor_SMD.3dshapes/C_0603_1608Metric.wrl
      (at (xyz 0 0 0))
      (scale (xyz 1 1 1))
      (rotate (xyz 0 0 0))
    )
  )

  (module Capacitor_SMD:C_0603_1608Metric (layer F.Cu) (tedit 5B301BBE) (tstamp 5E3A8CA4)
    (at 86.36 128.778 180)
    (descr "Capacitor SMD 0603 (1608 Metric), square (rectangular) end terminal, IPC_7351 nominal, (Body size source: http://www.tortai-tech.com/upload/download/2011102023233369053.pdf), generated with kicad-footprint-generator")
    (tags capacitor)
    (path /59017C60)
    (attr smd)
    (fp_text reference C8 (at 0 -1.43 180) (layer F.SilkS)
      (effects (font (size 1 1) (thickness 0.15)))
    )
    (fp_text value 100nF (at 0 1.43 180) (layer F.Fab)
      (effects (font (size 1 1) (thickness 0.15)))
    )
    (fp_line (start -0.8 0.4) (end -0.8 -0.4) (layer F.Fab) (width 0.1))
    (fp_line (start -0.8 -0.4) (end 0.8 -0.4) (layer F.Fab) (width 0.1))
    (fp_line (start 0.8 -0.4) (end 0.8 0.4) (layer F.Fab) (width 0.1))
    (fp_line (start 0.8 0.4) (end -0.8 0.4) (layer F.Fab) (width 0.1))
    (fp_line (start -0.162779 -0.51) (end 0.162779 -0.51) (layer F.SilkS) (width 0.12))
    (fp_line (start -0.162779 0.51) (end 0.162779 0.51) (layer F.SilkS) (width 0.12))
    (fp_line (start -1.48 0.73) (end -1.48 -0.73) (layer F.CrtYd) (width 0.05))
    (fp_line (start -1.48 -0.73) (end 1.48 -0.73) (layer F.CrtYd) (width 0.05))
    (fp_line (start 1.48 -0.73) (end 1.48 0.73) (layer F.CrtYd) (width 0.05))
    (fp_line (start 1.48 0.73) (end -1.48 0.73) (layer F.CrtYd) (width 0.05))
    (fp_text user %R (at 0 0 180) (layer F.Fab)
      (effects (font (size 0.4 0.4) (thickness 0.06)))
    )
    (pad 1 smd roundrect (at -0.7875 0 180) (size 0.875 0.95) (layers F.Cu F.Paste F.Mask) (roundrect_rratio 0.25)
      (net 2 +3V3))
    (pad 2 smd roundrect (at 0.7875 0 180) (size 0.875 0.95) (layers F.Cu F.Paste F.Mask) (roundrect_rratio 0.25)
      (net 1 GND))
    (model ${KISYS3DMOD}/Capacitor_SMD.3dshapes/C_0603_1608Metric.wrl
      (at (xyz 0 0 0))
      (scale (xyz 1 1 1))
      (rotate (xyz 0 0 0))
    )
  )

  (module Capacitor_SMD:C_0603_1608Metric (layer F.Cu) (tedit 5B301BBE) (tstamp 5E3A8C94)
    (at 92.6592 130.8735 90)
    (descr "Capacitor SMD 0603 (1608 Metric), square (rectangular) end terminal, IPC_7351 nominal, (Body size source: http://www.tortai-tech.com/upload/download/2011102023233369053.pdf), generated with kicad-footprint-generator")
    (tags capacitor)
    (path /59017C66)
    (attr smd)
    (fp_text reference C9 (at 0 -1.43 90) (layer F.SilkS)
      (effects (font (size 1 1) (thickness 0.15)))
    )
    (fp_text value 100nF (at 0 1.43 90) (layer F.Fab)
      (effects (font (size 1 1) (thickness 0.15)))
    )
    (fp_text user %R (at 0 0 90) (layer F.Fab)
      (effects (font (size 0.4 0.4) (thickness 0.06)))
    )
    (fp_line (start 1.48 0.73) (end -1.48 0.73) (layer F.CrtYd) (width 0.05))
    (fp_line (start 1.48 -0.73) (end 1.48 0.73) (layer F.CrtYd) (width 0.05))
    (fp_line (start -1.48 -0.73) (end 1.48 -0.73) (layer F.CrtYd) (width 0.05))
    (fp_line (start -1.48 0.73) (end -1.48 -0.73) (layer F.CrtYd) (width 0.05))
    (fp_line (start -0.162779 0.51) (end 0.162779 0.51) (layer F.SilkS) (width 0.12))
    (fp_line (start -0.162779 -0.51) (end 0.162779 -0.51) (layer F.SilkS) (width 0.12))
    (fp_line (start 0.8 0.4) (end -0.8 0.4) (layer F.Fab) (width 0.1))
    (fp_line (start 0.8 -0.4) (end 0.8 0.4) (layer F.Fab) (width 0.1))
    (fp_line (start -0.8 -0.4) (end 0.8 -0.4) (layer F.Fab) (width 0.1))
    (fp_line (start -0.8 0.4) (end -0.8 -0.4) (layer F.Fab) (width 0.1))
    (pad 2 smd roundrect (at 0.7875 0 90) (size 0.875 0.95) (layers F.Cu F.Paste F.Mask) (roundrect_rratio 0.25)
      (net 1 GND))
    (pad 1 smd roundrect (at -0.7875 0 90) (size 0.875 0.95) (layers F.Cu F.Paste F.Mask) (roundrect_rratio 0.25)
      (net 2 +3V3))
    (model ${KISYS3DMOD}/Capacitor_SMD.3dshapes/C_0603_1608Metric.wrl
      (at (xyz 0 0 0))
      (scale (xyz 1 1 1))
      (rotate (xyz 0 0 0))
    )
  )

  (module Capacitor_SMD:C_0603_1608Metric (layer F.Cu) (tedit 5B301BBE) (tstamp 5E3A8C84)
    (at 94.0562 130.8735 90)
    (descr "Capacitor SMD 0603 (1608 Metric), square (rectangular) end terminal, IPC_7351 nominal, (Body size source: http://www.tortai-tech.com/upload/download/2011102023233369053.pdf), generated with kicad-footprint-generator")
    (tags capacitor)
    (path /59017C6C)
    (attr smd)
    (fp_text reference C10 (at 0 -1.43 90) (layer F.SilkS)
      (effects (font (size 1 1) (thickness 0.15)))
    )
    (fp_text value 10nF (at 0 1.43 90) (layer F.Fab)
      (effects (font (size 1 1) (thickness 0.15)))
    )
    (fp_line (start -0.8 0.4) (end -0.8 -0.4) (layer F.Fab) (width 0.1))
    (fp_line (start -0.8 -0.4) (end 0.8 -0.4) (layer F.Fab) (width 0.1))
    (fp_line (start 0.8 -0.4) (end 0.8 0.4) (layer F.Fab) (width 0.1))
    (fp_line (start 0.8 0.4) (end -0.8 0.4) (layer F.Fab) (width 0.1))
    (fp_line (start -0.162779 -0.51) (end 0.162779 -0.51) (layer F.SilkS) (width 0.12))
    (fp_line (start -0.162779 0.51) (end 0.162779 0.51) (layer F.SilkS) (width 0.12))
    (fp_line (start -1.48 0.73) (end -1.48 -0.73) (layer F.CrtYd) (width 0.05))
    (fp_line (start -1.48 -0.73) (end 1.48 -0.73) (layer F.CrtYd) (width 0.05))
    (fp_line (start 1.48 -0.73) (end 1.48 0.73) (layer F.CrtYd) (width 0.05))
    (fp_line (start 1.48 0.73) (end -1.48 0.73) (layer F.CrtYd) (width 0.05))
    (fp_text user %R (at 0 0 90) (layer F.Fab)
      (effects (font (size 0.4 0.4) (thickness 0.06)))
    )
    (pad 1 smd roundrect (at -0.7875 0 90) (size 0.875 0.95) (layers F.Cu F.Paste F.Mask) (roundrect_rratio 0.25)
      (net 2 +3V3))
    (pad 2 smd roundrect (at 0.7875 0 90) (size 0.875 0.95) (layers F.Cu F.Paste F.Mask) (roundrect_rratio 0.25)
      (net 1 GND))
    (model ${KISYS3DMOD}/Capacitor_SMD.3dshapes/C_0603_1608Metric.wrl
      (at (xyz 0 0 0))
      (scale (xyz 1 1 1))
      (rotate (xyz 0 0 0))
    )
  )

  (module Capacitor_SMD:C_0603_1608Metric (layer F.Cu) (tedit 5B301BBE) (tstamp 5E3A8C74)
    (at 88.9 119.8245 180)
    (descr "Capacitor SMD 0603 (1608 Metric), square (rectangular) end terminal, IPC_7351 nominal, (Body size source: http://www.tortai-tech.com/upload/download/2011102023233369053.pdf), generated with kicad-footprint-generator")
    (tags capacitor)
    (path /5904D7C3)
    (attr smd)
    (fp_text reference C1 (at 0 -1.43 180) (layer F.SilkS)
      (effects (font (size 1 1) (thickness 0.15)))
    )
    (fp_text value 10uF (at 0 1.43 180) (layer F.Fab)
      (effects (font (size 1 1) (thickness 0.15)))
    )
    (fp_text user %R (at 0 0 180) (layer F.Fab)
      (effects (font (size 0.4 0.4) (thickness 0.06)))
    )
    (fp_line (start 1.48 0.73) (end -1.48 0.73) (layer F.CrtYd) (width 0.05))
    (fp_line (start 1.48 -0.73) (end 1.48 0.73) (layer F.CrtYd) (width 0.05))
    (fp_line (start -1.48 -0.73) (end 1.48 -0.73) (layer F.CrtYd) (width 0.05))
    (fp_line (start -1.48 0.73) (end -1.48 -0.73) (layer F.CrtYd) (width 0.05))
    (fp_line (start -0.162779 0.51) (end 0.162779 0.51) (layer F.SilkS) (width 0.12))
    (fp_line (start -0.162779 -0.51) (end 0.162779 -0.51) (layer F.SilkS) (width 0.12))
    (fp_line (start 0.8 0.4) (end -0.8 0.4) (layer F.Fab) (width 0.1))
    (fp_line (start 0.8 -0.4) (end 0.8 0.4) (layer F.Fab) (width 0.1))
    (fp_line (start -0.8 -0.4) (end 0.8 -0.4) (layer F.Fab) (width 0.1))
    (fp_line (start -0.8 0.4) (end -0.8 -0.4) (layer F.Fab) (width 0.1))
    (pad 2 smd roundrect (at 0.7875 0 180) (size 0.875 0.95) (layers F.Cu F.Paste F.Mask) (roundrect_rratio 0.25)
      (net 1 GND))
    (pad 1 smd roundrect (at -0.7875 0 180) (size 0.875 0.95) (layers F.Cu F.Paste F.Mask) (roundrect_rratio 0.25)
      (net 25 EXT3v3))
    (model ${KISYS3DMOD}/Capacitor_SMD.3dshapes/C_0603_1608Metric.wrl
      (at (xyz 0 0 0))
      (scale (xyz 1 1 1))
      (rotate (xyz 0 0 0))
    )
  )

  (module Capacitor_SMD:C_0603_1608Metric (layer F.Cu) (tedit 5B301BBE) (tstamp 5E3A8C64)
    (at 92.71 134.9375 270)
    (descr "Capacitor SMD 0603 (1608 Metric), square (rectangular) end terminal, IPC_7351 nominal, (Body size source: http://www.tortai-tech.com/upload/download/2011102023233369053.pdf), generated with kicad-footprint-generator")
    (tags capacitor)
    (path /59017C72)
    (attr smd)
    (fp_text reference C11 (at 0 -1.43 270) (layer F.SilkS)
      (effects (font (size 1 1) (thickness 0.15)))
    )
    (fp_text value 10nF (at 0 1.43 270) (layer F.Fab)
      (effects (font (size 1 1) (thickness 0.15)))
    )
    (fp_line (start -0.8 0.4) (end -0.8 -0.4) (layer F.Fab) (width 0.1))
    (fp_line (start -0.8 -0.4) (end 0.8 -0.4) (layer F.Fab) (width 0.1))
    (fp_line (start 0.8 -0.4) (end 0.8 0.4) (layer F.Fab) (width 0.1))
    (fp_line (start 0.8 0.4) (end -0.8 0.4) (layer F.Fab) (width 0.1))
    (fp_line (start -0.162779 -0.51) (end 0.162779 -0.51) (layer F.SilkS) (width 0.12))
    (fp_line (start -0.162779 0.51) (end 0.162779 0.51) (layer F.SilkS) (width 0.12))
    (fp_line (start -1.48 0.73) (end -1.48 -0.73) (layer F.CrtYd) (width 0.05))
    (fp_line (start -1.48 -0.73) (end 1.48 -0.73) (layer F.CrtYd) (width 0.05))
    (fp_line (start 1.48 -0.73) (end 1.48 0.73) (layer F.CrtYd) (width 0.05))
    (fp_line (start 1.48 0.73) (end -1.48 0.73) (layer F.CrtYd) (width 0.05))
    (fp_text user %R (at 0 0 270) (layer F.Fab)
      (effects (font (size 0.4 0.4) (thickness 0.06)))
    )
    (pad 1 smd roundrect (at -0.7875 0 270) (size 0.875 0.95) (layers F.Cu F.Paste F.Mask) (roundrect_rratio 0.25)
      (net 2 +3V3))
    (pad 2 smd roundrect (at 0.7875 0 270) (size 0.875 0.95) (layers F.Cu F.Paste F.Mask) (roundrect_rratio 0.25)
      (net 1 GND))
    (model ${KISYS3DMOD}/Capacitor_SMD.3dshapes/C_0603_1608Metric.wrl
      (at (xyz 0 0 0))
      (scale (xyz 1 1 1))
      (rotate (xyz 0 0 0))
    )
  )

  (module Inductor_SMD:L_0603_1608Metric (layer F.Cu) (tedit 5B301BBE) (tstamp 5E3A8C3C)
    (at 89.662 124.841 90)
    (descr "Inductor SMD 0603 (1608 Metric), square (rectangular) end terminal, IPC_7351 nominal, (Body size source: http://www.tortai-tech.com/upload/download/2011102023233369053.pdf), generated with kicad-footprint-generator")
    (tags inductor)
    (path /5904D662)
    (attr smd)
    (fp_text reference L1 (at 0 -1.43 90) (layer F.SilkS)
      (effects (font (size 1 1) (thickness 0.15)))
    )
    (fp_text value Ferrite_Bead (at 0 1.43 90) (layer F.Fab)
      (effects (font (size 1 1) (thickness 0.15)))
    )
    (fp_line (start -0.8 0.4) (end -0.8 -0.4) (layer F.Fab) (width 0.1))
    (fp_line (start -0.8 -0.4) (end 0.8 -0.4) (layer F.Fab) (width 0.1))
    (fp_line (start 0.8 -0.4) (end 0.8 0.4) (layer F.Fab) (width 0.1))
    (fp_line (start 0.8 0.4) (end -0.8 0.4) (layer F.Fab) (width 0.1))
    (fp_line (start -0.162779 -0.51) (end 0.162779 -0.51) (layer F.SilkS) (width 0.12))
    (fp_line (start -0.162779 0.51) (end 0.162779 0.51) (layer F.SilkS) (width 0.12))
    (fp_line (start -1.48 0.73) (end -1.48 -0.73) (layer F.CrtYd) (width 0.05))
    (fp_line (start -1.48 -0.73) (end 1.48 -0.73) (layer F.CrtYd) (width 0.05))
    (fp_line (start 1.48 -0.73) (end 1.48 0.73) (layer F.CrtYd) (width 0.05))
    (fp_line (start 1.48 0.73) (end -1.48 0.73) (layer F.CrtYd) (width 0.05))
    (fp_text user %R (at 0 0 90) (layer F.Fab)
      (effects (font (size 0.4 0.4) (thickness 0.06)))
    )
    (pad 1 smd roundrect (at -0.7875 0 90) (size 0.875 0.95) (layers F.Cu F.Paste F.Mask) (roundrect_rratio 0.25)
      (net 2 +3V3))
    (pad 2 smd roundrect (at 0.7875 0 90) (size 0.875 0.95) (layers F.Cu F.Paste F.Mask) (roundrect_rratio 0.25)
      (net 25 EXT3v3))
    (model ${KISYS3DMOD}/Inductor_SMD.3dshapes/L_0603_1608Metric.wrl
      (at (xyz 0 0 0))
      (scale (xyz 1 1 1))
      (rotate (xyz 0 0 0))
    )
  )

  (module Oscillator:Oscillator_SMD_EuroQuartz_XO91-4Pin_7.0x5.0mm (layer F.Cu) (tedit 58CD3345) (tstamp 5E3A8C3B)
    (at 83 141 90)
    (descr "Miniature Crystal Clock Oscillator EuroQuartz XO91 series, http://cdn-reichelt.de/documents/datenblatt/B400/XO91.pdf, 7.0x5.0mm^2 package")
    (tags "SMD SMT crystal oscillator")
    (path /5E2E7E86)
    (attr smd)
    (fp_text reference X1 (at 0 -4.1 90) (layer F.SilkS)
      (effects (font (size 1 1) (thickness 0.15)))
    )
    (fp_text value DSC1001AE5-001.2000 (at 0 4.1 90) (layer F.Fab)
      (effects (font (size 1 1) (thickness 0.15)))
    )
    (fp_text user %R (at 0 0 90) (layer F.Fab)
      (effects (font (size 1 1) (thickness 0.15)))
    )
    (fp_line (start -3.4 -2.5) (end 3.4 -2.5) (layer F.Fab) (width 0.1))
    (fp_line (start 3.4 -2.5) (end 3.5 -2.4) (layer F.Fab) (width 0.1))
    (fp_line (start 3.5 -2.4) (end 3.5 2.4) (layer F.Fab) (width 0.1))
    (fp_line (start 3.5 2.4) (end 3.4 2.5) (layer F.Fab) (width 0.1))
    (fp_line (start 3.4 2.5) (end -3.4 2.5) (layer F.Fab) (width 0.1))
    (fp_line (start -3.4 2.5) (end -3.5 2.4) (layer F.Fab) (width 0.1))
    (fp_line (start -3.5 2.4) (end -3.5 -2.4) (layer F.Fab) (width 0.1))
    (fp_line (start -3.5 -2.4) (end -3.4 -2.5) (layer F.Fab) (width 0.1))
    (fp_line (start -3.5 1.5) (end -2.5 2.5) (layer F.Fab) (width 0.1))
    (fp_line (start -3.8 -3.4) (end -3.8 3.4) (layer F.CrtYd) (width 0.05))
    (fp_line (start -3.8 3.4) (end 3.8 3.4) (layer F.CrtYd) (width 0.05))
    (fp_line (start 3.8 3.4) (end 3.8 -3.4) (layer F.CrtYd) (width 0.05))
    (fp_line (start 3.8 -3.4) (end -3.8 -3.4) (layer F.CrtYd) (width 0.05))
    (fp_circle (center 0 0) (end 1 0) (layer F.Adhes) (width 0.1))
    (fp_circle (center 0 0) (end 0.833333 0) (layer F.Adhes) (width 0.333333))
    (fp_circle (center 0 0) (end 0.533333 0) (layer F.Adhes) (width 0.333333))
    (fp_circle (center 0 0) (end 0.233333 0) (layer F.Adhes) (width 0.466667))
    (pad 1 smd rect (at -2.5 2.1 90) (size 2 2) (layers F.Cu F.Paste F.Mask)
      (net 49 "Net-(X1-Pad1)"))
    (pad 2 smd rect (at 2.5 2.1 90) (size 2 2) (layers F.Cu F.Paste F.Mask)
      (net 50 "Net-(X1-Pad2)"))
    (pad 3 smd rect (at 2.5 -2.1 90) (size 2 2) (layers F.Cu F.Paste F.Mask)
      (net 51 "Net-(X1-Pad3)"))
    (pad 4 smd rect (at -2.5 -2.1 90) (size 2 2) (layers F.Cu F.Paste F.Mask)
      (net 52 "Net-(X1-Pad4)"))
    (model ${KISYS3DMOD}/Oscillator.3dshapes/Oscillator_SMD_EuroQuartz_XO91-4Pin_7.0x5.0mm.wrl
      (at (xyz 0 0 0))
      (scale (xyz 1 1 1))
      (rotate (xyz 0 0 0))
    )
  )

  (module Package_DFN_QFN:QFN-32-1EP_5x5mm_P0.5mm_EP3.1x3.1mm_ThermalVias (layer F.Cu) (tedit 5B4E60CE) (tstamp 5E3A8BD3)
    (at 88.9 132.9055 180)
    (descr "QFN, 32 Pin (http://ww1.microchip.com/downloads/en/DeviceDoc/8008S.pdf (Page 20)), generated with kicad-footprint-generator ipc_dfn_qfn_generator.py")
    (tags "QFN DFN_QFN")
    (path /59003119)
    (attr smd)
    (fp_text reference U1 (at 0 -3.82 180) (layer F.SilkS)
      (effects (font (size 1 1) (thickness 0.15)))
    )
    (fp_text value MachXO2-1200-QFN32 (at 0 3.82 180) (layer F.Fab)
      (effects (font (size 1 1) (thickness 0.15)))
    )
    (fp_line (start 2.135 -2.61) (end 2.61 -2.61) (layer F.SilkS) (width 0.12))
    (fp_line (start 2.61 -2.61) (end 2.61 -2.135) (layer F.SilkS) (width 0.12))
    (fp_line (start -2.135 2.61) (end -2.61 2.61) (layer F.SilkS) (width 0.12))
    (fp_line (start -2.61 2.61) (end -2.61 2.135) (layer F.SilkS) (width 0.12))
    (fp_line (start 2.135 2.61) (end 2.61 2.61) (layer F.SilkS) (width 0.12))
    (fp_line (start 2.61 2.61) (end 2.61 2.135) (layer F.SilkS) (width 0.12))
    (fp_line (start -2.135 -2.61) (end -2.61 -2.61) (layer F.SilkS) (width 0.12))
    (fp_line (start -1.5 -2.5) (end 2.5 -2.5) (layer F.Fab) (width 0.1))
    (fp_line (start 2.5 -2.5) (end 2.5 2.5) (layer F.Fab) (width 0.1))
    (fp_line (start 2.5 2.5) (end -2.5 2.5) (layer F.Fab) (width 0.1))
    (fp_line (start -2.5 2.5) (end -2.5 -1.5) (layer F.Fab) (width 0.1))
    (fp_line (start -2.5 -1.5) (end -1.5 -2.5) (layer F.Fab) (width 0.1))
    (fp_line (start -3.12 -3.12) (end -3.12 3.12) (layer F.CrtYd) (width 0.05))
    (fp_line (start -3.12 3.12) (end 3.12 3.12) (layer F.CrtYd) (width 0.05))
    (fp_line (start 3.12 3.12) (end 3.12 -3.12) (layer F.CrtYd) (width 0.05))
    (fp_line (start 3.12 -3.12) (end -3.12 -3.12) (layer F.CrtYd) (width 0.05))
    (fp_text user %R (at 0 0 180) (layer F.Fab)
      (effects (font (size 1 1) (thickness 0.15)))
    )
    (pad 33 smd roundrect (at 0 0 180) (size 3.1 3.1) (layers F.Cu F.Mask) (roundrect_rratio 0.08064499999999999)
      (net 1 GND))
    (pad 33 thru_hole circle (at -1 -1 180) (size 0.5 0.5) (drill 0.2) (layers *.Cu)
      (net 1 GND))
    (pad 33 thru_hole circle (at 0 -1 180) (size 0.5 0.5) (drill 0.2) (layers *.Cu)
      (net 1 GND))
    (pad 33 thru_hole circle (at 1 -1 180) (size 0.5 0.5) (drill 0.2) (layers *.Cu)
      (net 1 GND))
    (pad 33 thru_hole circle (at -1 0 180) (size 0.5 0.5) (drill 0.2) (layers *.Cu)
      (net 1 GND))
    (pad 33 thru_hole circle (at 0 0 180) (size 0.5 0.5) (drill 0.2) (layers *.Cu)
      (net 1 GND))
    (pad 33 thru_hole circle (at 1 0 180) (size 0.5 0.5) (drill 0.2) (layers *.Cu)
      (net 1 GND))
    (pad 33 thru_hole circle (at -1 1 180) (size 0.5 0.5) (drill 0.2) (layers *.Cu)
      (net 1 GND))
    (pad 33 thru_hole circle (at 0 1 180) (size 0.5 0.5) (drill 0.2) (layers *.Cu)
      (net 1 GND))
    (pad 33 thru_hole circle (at 1 1 180) (size 0.5 0.5) (drill 0.2) (layers *.Cu)
      (net 1 GND))
    (pad 33 smd roundrect (at 0 0 180) (size 2.5 2.5) (layers B.Cu) (roundrect_rratio 0.1)
      (net 1 GND))
    (pad "" smd roundrect (at -0.5 -0.5 180) (size 0.806226 0.806226) (layers F.Paste) (roundrect_rratio 0.25))
    (pad "" smd roundrect (at -0.5 0.5 180) (size 0.806226 0.806226) (layers F.Paste) (roundrect_rratio 0.25))
    (pad "" smd roundrect (at 0.5 -0.5 180) (size 0.806226 0.806226) (layers F.Paste) (roundrect_rratio 0.25))
    (pad "" smd roundrect (at 0.5 0.5 180) (size 0.806226 0.806226) (layers F.Paste) (roundrect_rratio 0.25))
    (pad "" smd custom (at -1.275 -0.5 180) (size 0.349614 0.349614) (layers F.Paste)
      (options (clearance outline) (anchor circle))
      (primitives
        (gr_poly (pts
           (xy -0.221712 -0.403113) (xy 0.089044 -0.403113) (xy 0.221712 -0.270445) (xy 0.221712 0.270445) (xy 0.089044 0.403113)
           (xy -0.221712 0.403113)) (width 0))
      ))
    (pad "" smd custom (at -1.275 0.5 180) (size 0.349614 0.349614) (layers F.Paste)
      (options (clearance outline) (anchor circle))
      (primitives
        (gr_poly (pts
           (xy -0.221712 -0.403113) (xy 0.089044 -0.403113) (xy 0.221712 -0.270445) (xy 0.221712 0.270445) (xy 0.089044 0.403113)
           (xy -0.221712 0.403113)) (width 0))
      ))
    (pad "" smd custom (at 1.275 -0.5 180) (size 0.349614 0.349614) (layers F.Paste)
      (options (clearance outline) (anchor circle))
      (primitives
        (gr_poly (pts
           (xy -0.221712 -0.270445) (xy -0.089044 -0.403113) (xy 0.221712 -0.403113) (xy 0.221712 0.403113) (xy -0.089044 0.403113)
           (xy -0.221712 0.270445)) (width 0))
      ))
    (pad "" smd custom (at 1.275 0.5 180) (size 0.349614 0.349614) (layers F.Paste)
      (options (clearance outline) (anchor circle))
      (primitives
        (gr_poly (pts
           (xy -0.221712 -0.270445) (xy -0.089044 -0.403113) (xy 0.221712 -0.403113) (xy 0.221712 0.403113) (xy -0.089044 0.403113)
           (xy -0.221712 0.270445)) (width 0))
      ))
    (pad "" smd custom (at -0.5 -1.275 180) (size 0.349614 0.349614) (layers F.Paste)
      (options (clearance outline) (anchor circle))
      (primitives
        (gr_poly (pts
           (xy -0.403113 -0.221712) (xy 0.403113 -0.221712) (xy 0.403113 0.089044) (xy 0.270445 0.221712) (xy -0.270445 0.221712)
           (xy -0.403113 0.089044)) (width 0))
      ))
    (pad "" smd custom (at 0.5 -1.275 180) (size 0.349614 0.349614) (layers F.Paste)
      (options (clearance outline) (anchor circle))
      (primitives
        (gr_poly (pts
           (xy -0.403113 -0.221712) (xy 0.403113 -0.221712) (xy 0.403113 0.089044) (xy 0.270445 0.221712) (xy -0.270445 0.221712)
           (xy -0.403113 0.089044)) (width 0))
      ))
    (pad "" smd custom (at -0.5 1.275 180) (size 0.349614 0.349614) (layers F.Paste)
      (options (clearance outline) (anchor circle))
      (primitives
        (gr_poly (pts
           (xy -0.403113 -0.089044) (xy -0.270445 -0.221712) (xy 0.270445 -0.221712) (xy 0.403113 -0.089044) (xy 0.403113 0.221712)
           (xy -0.403113 0.221712)) (width 0))
      ))
    (pad "" smd custom (at 0.5 1.275 180) (size 0.349614 0.349614) (layers F.Paste)
      (options (clearance outline) (anchor circle))
      (primitives
        (gr_poly (pts
           (xy -0.403113 -0.089044) (xy -0.270445 -0.221712) (xy 0.270445 -0.221712) (xy 0.403113 -0.089044) (xy 0.403113 0.221712)
           (xy -0.403113 0.221712)) (width 0))
      ))
    (pad "" smd custom (at -1.275 -1.275 180) (size 0.318785 0.318785) (layers F.Paste)
